0 300.0 300.0 -29.999999999999993 99.99999999999999 5
50 392.0311381711695 282.4441214720629 -29.400000000000002 103.0 5
100 471.1367764821722 232.24215685535287 -28.800000000000008 106.00000000000003 5
150 526.2067631165049 156.44482289126813 -28.199999999999996 109.0 5
200 549.506682107068 65.6976298823284 -27.599999999999987 111.99999999999999 5
250 537.7641290737884 -27.254248593736932 -27.0 114.99999999999999 5
300 492.62831069394724 -109.3559974371725 -26.400000000000006 118.00000000000001 5
350 420.4384185254288 -169.0766700109659 -25.799999999999997 120.99999999999999 5
400 331.333308391076 -198.02867532861944 -25.200000000000003 124.00000000000001 5
450 237.8275282087863 -192.14579028215783 -24.599999999999994 126.99999999999999 5
500 153.05368692688174 -152.2542485937369 -23.999999999999996 130.0 5
550 88.91801862449617 -83.95669874474908 -23.39999999999999 133.0 5
600 54.42818731782779 3.1546713535688298 -22.8 136.0 5
650 54.42818731782785 96.84532864643106 -22.199999999999996 139.0 5
700 88.91801862449626 183.95669874474916 -21.60000000000001 141.99999999999997 5
750 153.05368692688168 252.2542485937367 -21.0 145.0 5
800 237.8275282087864 292.14579028215775 -20.400000000000013 148.0 5
850 331.3333083910763 298.02867532861944 -19.800000000000004 151.0 5
900 420.4384185254289 269.0766700109658 -19.199999999999996 154.0 5
950 492.62831069394736 209.35599743717245 -18.59999999999998 157.0 5
1000 537.7641290737884 127.25424859373695 -18.0 159.99999999999997 5
1050 549.506682107068 34.302370117671835 -17.399999999999995 163.0 5
1100 526.2067631165049 -56.444822891268316 -16.799999999999986 165.99999999999997 5
1150 471.1367764821721 -132.24215685535265 -16.199999999999996 169.0 5
1200 392.0311381711693 -182.44412147206285 -15.599999999999993 172.0 5
1250 300.00000000000006 -200.0 -15.000000000000005 175.0 5
1300 207.96886182883065 -182.44412147206293 -14.400000000000004 178.0 5
1350 128.86322351782772 -132.2421568553528 -13.79999999999999 181.0 5
1400 73.79323688349507 -56.4448228912681 -13.200000000000005 184.0 5
1450 50.49331789293208 34.30237011767207 -12.599999999999989 187.0 5
1500 62.23587092621159 127.2542485937363 -11.99999999999999 190.0 5
1550 107.37168930605284 209.35599743717228 -11.399999999999999 193.00000000000003 5
1600 179.5615814745713 269.07667001096576 -10.799999999999988 195.99999999999997 5
1650 268.666691608924 298.02867532861944 -10.200000000000001 199.0 5
1700 362.1724717912141 292.1457902821578 -9.6 202.0 5
1750 446.9463130731182 252.25424859373695 -9.000000000000007 205.00000000000003 5
1800 511.0819813755039 183.95669874474896 -8.40000000000001 208.0 5
1850 545.5718126821722 96.84532864643106 -7.799999999999995 211.0 5
1900 545.5718126821721 3.1546713535688227 -7.200000000000006 213.99999999999997 5
1950 511.0819813755036 -83.95669874474908 -6.599999999999992 217.0 5
2000 446.9463130731184 -152.2542485937365 -5.999999999999992 219.99999999999997 5
2050 362.1724717912139 -192.14579028215772 -5.400000000000005 223.0 5
2100 268.6666916089242 -198.02867532861944 -4.799999999999991 226.0 5
2150 179.56158147457114 -169.07667001096613 -4.1999999999999895 229.0 5
2200 107.37168930605273 -109.3559974371725 -3.600000000000002 232.0 5
2250 62.235870926211504 -27.254248593736605 -3.0000000000000013 235.0 5
2300 50.49331789293211 65.69762988232807 -2.4000000000000123 238.0 5
2350 73.79323688349515 156.44482289126825 -1.799999999999999 241.0 5
2400 128.86322351782817 232.24215685535316 -1.1999999999999982 244.0 5
2450 207.96886182883128 282.4441214720631 -0.5999999999999847 246.99999999999997 5
2500 299.9999999999994 300.0 3.5083546492674384E-15 250.0 5
2550 392.0311381711701 282.44412147206265 0.5999999999999915 253.0 5
2600 471.1367764821722 232.24215685535285 1.2000000000000053 256.0 5
2650 526.206763116505 156.4448228912678 1.8000000000000056 259.0 5
2700 549.506682107068 65.69762988232847 2.400000000000007 262.0 5
2750 537.7641290737886 -27.25424859373622 3.000000000000008 265.0 5
2800 492.6283106939469 -109.35599743717287 3.5999999999999965 268.0 5
2850 420.43841852542874 -169.07667001096593 4.1999999999999975 271.0 5
2900 331.33330839107566 -198.0286753286195 4.8000000000000105 274.0 5
2950 237.82752820878642 -192.14579028215783 5.400000000000011 277.0 5
3000 153.0536869268815 -152.25424859373672 5.999999999999999 280.0 5
3050 88.91801862449591 -83.95669874474868 6.600000000000001 283.0 5
3100 54.42818731782782 3.1546713535688653 7.199999999999988 286.0 5
3150 54.428187317828076 96.84532864643153 7.8 289.0 5
3200 88.91801862449614 183.95669874474902 8.400000000000002 292.0 5
3250 153.0536869268812 252.25424859373697 9.000000000000005 295.0 5
3300 237.82752820878687 292.1457902821577 9.59999999999999 298.0 5
3350 331.3333083910761 298.02867532861933 10.199999999999992 301.0 5
3400 420.43841852542914 269.07667001096615 10.800000000000006 304.0 5
3450 492.62831069394724 209.35599743717188 11.400000000000006 307.0 5
3500 537.7641290737885 127.25424859373669 11.999999999999995 310.0 5
3550 549.5066821070678 34.30237011767113 12.599999999999993 313.0 5
3600 526.2067631165048 -56.444822891268146 13.19999999999998 316.0 5
3650 471.13677648217123 -132.24215685535373 13.799999999999997 319.0 5
3700 392.03113817116883 -182.4441214720631 14.400000000000011 322.0 5
3750 299.99999999999983 -200.0 14.999999999999998 325.0 5
3800 207.96886182883 -182.44412147206268 15.6 328.0 5
3850 128.8632235178278 -132.24215685535287 16.199999999999992 330.99999999999994 5
3900 73.79323688349496 -56.444822891267876 16.799999999999997 334.00000000000006 5
3950 50.49331789293211 34.30237011767144 17.400000000000006 337.0 5
4000 62.23587092621139 127.25424859373614 18.0 340.0 5
4050 107.37168930605301 209.35599743717214 18.59999999999999 343.0 5
4100 179.56158147457117 269.0766700109655 19.199999999999992 346.0 5
4150 268.6666916089243 298.0286753286195 19.800000000000004 349.0 5
4200 362.1724717912135 292.1457902821578 20.400000000000006 352.0 5
4250 446.9463130731184 252.25424859373626 20.999999999999996 354.99999999999994 5
4300 511.0819813755036 183.95669874474873 21.60000000000001 358.00000000000006 5
4350 545.571812682172 96.84532864643123 22.199999999999996 361.00000000000006 5
4400 545.5718126821721 3.154671353569441 22.799999999999997 364.0 5
4450 511.0819813755039 -83.9566987447482 23.399999999999995 367.00000000000006 5
4500 446.94631307311744 -152.25424859373692 24.000000000000014 370.00000000000006 5
4550 362.17247179121324 -192.1457902821581 24.599999999999994 373.00000000000006 5
4600 268.666691608924 -198.02867532861958 25.2 376.00000000000006 5
4650 179.5615814745717 -169.07667001096578 25.800000000000004 379.0 5
4700 107.37168930605228 -109.35599743717262 26.400000000000006 382.0 5
4750 62.23587092621156 -27.25424859373763 27.000000000000007 385.00000000000006 5
4800 50.4933178929322 65.69762988232877 27.599999999999998 388.00000000000006 5
4850 73.79323688349547 156.44482289126967 28.199999999999992 391.0 5
4900 128.86322351782803 232.24215685535367 28.799999999999997 393.99999999999994 5
4950 207.96886182883026 282.44412147206305 29.400000000000002 397.0 5

0 0.0 0.0 3.5083546492674384E-15 200.0 6
0 68.75 0.0 3.5083546492674384E-15 200.0 6
0 137.5 0.0 3.5083546492674384E-15 200.0 6
0 206.25 0.0 3.5083546492674384E-15 200.0 6
0 275.0 0.0 3.5083546492674384E-15 200.0 6
0 343.75 0.0 3.5083546492674384E-15 200.0 6
0 412.5 0.0 3.5083546492674384E-15 200.0 6
0 481.25 0.0 3.5083546492674384E-15 200.0 6

1000 50.0 0.0 3.5083546492674384E-15 200.0 6
1000 118.75 0.0 3.5083546492674384E-15 200.0 6
1000 187.5 0.0 3.5083546492674384E-15 200.0 6
1000 256.25 0.0 3.5083546492674384E-15 200.0 6
1000 325.0 0.0 3.5083546492674384E-15 200.0 6
1000 393.75 0.0 3.5083546492674384E-15 200.0 6
1000 462.5 0.0 3.5083546492674384E-15 200.0 6
1000 531.25 0.0 3.5083546492674384E-15 200.0 6

2000 0.0 0.0 3.5083546492674384E-15 200.0 6
2000 68.75 0.0 3.5083546492674384E-15 200.0 6
2000 137.5 0.0 3.5083546492674384E-15 200.0 6
2000 206.25 0.0 3.5083546492674384E-15 200.0 6
2000 275.0 0.0 3.5083546492674384E-15 200.0 6
2000 343.75 0.0 3.5083546492674384E-15 200.0 6
2000 412.5 0.0 3.5083546492674384E-15 200.0 6
2000 481.25 0.0 3.5083546492674384E-15 200.0 6

3000 50.0 0.0 3.5083546492674384E-15 200.0 6
3000 118.75 0.0 3.5083546492674384E-15 200.0 6
3000 187.5 0.0 3.5083546492674384E-15 200.0 6
3000 256.25 0.0 3.5083546492674384E-15 200.0 6
3000 325.0 0.0 3.5083546492674384E-15 200.0 6
3000 393.75 0.0 3.5083546492674384E-15 200.0 6
3000 462.5 0.0 3.5083546492674384E-15 200.0 6
3000 531.25 0.0 3.5083546492674384E-15 200.0 6

4000 0.0 0.0 3.5083546492674384E-15 200.0 6
4000 68.75 0.0 3.5083546492674384E-15 200.0 6
4000 137.5 0.0 3.5083546492674384E-15 200.0 6
4000 206.25 0.0 3.5083546492674384E-15 200.0 6
4000 275.0 0.0 3.5083546492674384E-15 200.0 6
4000 343.75 0.0 3.5083546492674384E-15 200.0 6
4000 412.5 0.0 3.5083546492674384E-15 200.0 6
4000 481.25 0.0 3.5083546492674384E-15 200.0 6

5800 213.39745962155612 70.0 -24.0 300.0 7
5800 229.28932188134524 90.71067811865474 -9.000000000000009 300.0 7
5800 250.00000000000003 106.60254037844386 5.999999999999997 300.00000000000006 7
5800 274.11809548974793 116.59258262890683 20.999999999999996 300.0 7
5800 300.0 120.0 36.0 300.0 7
5800 325.88190451025207 116.59258262890683 51.0 300.0 7
5800 350.0 106.60254037844388 66.00000000000001 299.99999999999994 7
5800 370.71067811865476 90.71067811865476 81.0 300.0 7

5900 213.39745962155612 70.0 -26.400000000000006 300.00000000000006 7
5900 229.28932188134524 90.71067811865474 -11.399999999999999 300.00000000000006 7
5900 250.00000000000003 106.60254037844386 3.5999999999999965 300.0 7
5900 274.11809548974793 116.59258262890683 18.59999999999999 300.0 7
5900 300.0 120.0 33.599999999999994 300.0 7
5900 325.88190451025207 116.59258262890683 48.6 300.0 7
5900 350.0 106.60254037844388 63.59999999999999 300.00000000000006 7
5900 370.71067811865476 90.71067811865476 78.6 300.00000000000006 7

6000 213.39745962155612 70.0 -28.800000000000004 300.00000000000006 7
6000 229.28932188134524 90.71067811865474 -13.79999999999999 300.0 7
6000 250.00000000000003 106.60254037844386 1.2000000000000053 300.0 7
6000 274.11809548974793 116.59258262890683 16.200000000000014 300.0 7
6000 300.0 120.0 31.200000000000003 300.0 7
6000 325.88190451025207 116.59258262890683 46.19999999999999 300.0000000000001 7
6000 350.0 106.60254037844388 61.19999999999998 300.00000000000006 7
6000 370.71067811865476 90.71067811865476 76.2 300.0 7

6100 213.39745962155612 70.0 -31.2 299.99999999999994 7
6100 229.28932188134524 90.71067811865474 -16.199999999999996 299.99999999999994 7
6100 250.00000000000003 106.60254037844386 -1.1999999999999982 300.0 7
6100 274.11809548974793 116.59258262890683 13.8 300.0 7
6100 300.0 120.0 28.799999999999997 300.0 7
6100 325.88190451025207 116.59258262890683 43.800000000000004 299.9999999999999 7
6100 350.0 106.60254037844388 58.800000000000004 300.0 7
6100 370.71067811865476 90.71067811865476 73.80000000000003 300.0 7

6200 213.39745962155612 70.0 -33.599999999999994 300.0 7
6200 229.28932188134524 90.71067811865474 -18.599999999999984 300.0 7
6200 250.00000000000003 106.60254037844386 -3.600000000000002 300.0 7
6200 274.11809548974793 116.59258262890683 11.400000000000006 300.00000000000006 7
6200 300.0 120.0 26.40000000000001 300.0 7
6200 325.88190451025207 116.59258262890683 41.4 300.0 7
6200 350.0 106.60254037844388 56.39999999999999 300.0 7
6200 370.71067811865476 90.71067811865476 71.40000000000002 300.0 7

6300 213.39745962155612 70.0 -36.0 300.0 7
6300 229.28932188134524 90.71067811865474 -21.0 300.0 7
6300 250.00000000000003 106.60254037844386 -5.999999999999992 300.0 7
6300 274.11809548974793 116.59258262890683 9.000000000000005 300.0 7
6300 300.0 120.0 24.000000000000004 300.00000000000006 7
6300 325.88190451025207 116.59258262890683 39.0 300.00000000000006 7
6300 350.0 106.60254037844388 54.0 300.0 7
6300 370.71067811865476 90.71067811865476 68.99999999999999 300.00000000000006 7

6400 213.39745962155612 70.0 -38.400000000000006 299.99999999999994 7
6400 229.28932188134524 90.71067811865474 -23.39999999999999 300.0 7
6400 250.00000000000003 106.60254037844386 -8.40000000000001 300.00000000000006 7
6400 274.11809548974793 116.59258262890683 6.6 300.0 7
6400 300.0 120.0 21.60000000000001 300.0 7
6400 325.88190451025207 116.59258262890683 36.59999999999999 300.00000000000006 7
6400 350.0 106.60254037844388 51.599999999999994 300.0 7
6400 370.71067811865476 90.71067811865476 66.60000000000001 300.0 7

6500 213.39745962155612 70.0 -40.800000000000004 300.0 7
6500 229.28932188134524 90.71067811865474 -25.799999999999997 300.0 7
6500 250.00000000000003 106.60254037844386 -10.799999999999988 300.0 7
6500 274.11809548974793 116.59258262890683 4.20000000000001 300.0 7
6500 300.0 120.0 19.200000000000003 300.00000000000006 7
6500 325.88190451025207 116.59258262890683 34.2 299.99999999999994 7
6500 350.0 106.60254037844388 49.19999999999999 300.0 7
6500 370.71067811865476 90.71067811865476 64.19999999999997 300.00000000000006 7

6600 213.39745962155612 70.0 -43.2 300.0 7
6600 229.28932188134524 90.71067811865474 -28.200000000000003 300.0 7
6600 250.00000000000003 106.60254037844386 -13.200000000000003 300.0 7
6600 274.11809548974793 116.59258262890683 1.8000000000000056 300.00000000000006 7
6600 300.0 120.0 16.799999999999997 300.00000000000006 7
6600 325.88190451025207 116.59258262890683 31.799999999999997 300.0 7
6600 350.0 106.60254037844388 46.79999999999999 300.00000000000006 7
6600 370.71067811865476 90.71067811865476 61.8 300.0 7

6700 213.39745962155612 70.0 -45.599999999999994 299.99999999999994 7
6700 229.28932188134524 90.71067811865474 -30.599999999999973 299.9999999999999 7
6700 250.00000000000003 106.60254037844386 -15.599999999999993 300.0 7
6700 274.11809548974793 116.59258262890683 -0.5999999999999847 300.0 7
6700 300.0 120.0 14.400000000000007 300.0 7
6700 325.88190451025207 116.59258262890683 29.400000000000002 300.0 7
6700 350.0 106.60254037844388 44.4 300.0 7
6700 370.71067811865476 90.71067811865476 59.40000000000001 299.99999999999994 7

6800 213.39745962155612 70.0 -48.0 300.00000000000006 7
6800 229.28932188134524 90.71067811865474 -33.0 300.0 7
6800 250.00000000000003 106.60254037844386 -18.0 300.0 7
6800 274.11809548974793 116.59258262890683 -3.0000000000000013 300.0 7
6800 300.0 120.0 11.999999999999995 300.0 7
6800 325.88190451025207 116.59258262890683 27.000000000000007 300.0 7
6800 350.0 106.60254037844388 41.99999999999999 300.00000000000006 7
6800 370.71067811865476 90.71067811865476 57.0 300.00000000000006 7

6900 213.39745962155612 70.0 -50.400000000000006 299.99999999999994 7
6900 229.28932188134524 90.71067811865474 -35.39999999999999 299.99999999999994 7
6900 250.00000000000003 106.60254037844386 -20.400000000000013 300.0 7
6900 274.11809548974793 116.59258262890683 -5.400000000000003 300.0 7
6900 300.0 120.0 9.599999999999989 300.0 7
6900 325.88190451025207 116.59258262890683 24.599999999999994 300.00000000000006 7
6900 350.0 106.60254037844388 39.60000000000001 300.0 7
6900 370.71067811865476 90.71067811865476 54.60000000000001 300.0 7

7000 213.39745962155612 70.0 -52.80000000000001 300.00000000000006 7
7000 229.28932188134524 90.71067811865474 -37.79999999999999 300.0 7
7000 250.00000000000003 106.60254037844386 -22.8 300.0 7
7000 274.11809548974793 116.59258262890683 -7.799999999999995 300.0 7
7000 300.0 120.0 7.2000000000000135 300.0 7
7000 325.88190451025207 116.59258262890683 22.200000000000006 300.00000000000006 7
7000 350.0 106.60254037844388 37.2 300.00000000000006 7
7000 370.71067811865476 90.71067811865476 52.19999999999999 300.00000000000006 7

7100 213.39745962155612 70.0 -55.2 300.0 7
7100 229.28932188134524 90.71067811865474 -40.2 299.99999999999994 7
7100 250.00000000000003 106.60254037844386 -25.200000000000003 300.0 7
7100 274.11809548974793 116.59258262890683 -10.200000000000001 299.99999999999994 7
7100 300.0 120.0 4.8000000000000105 300.0 7
7100 325.88190451025207 116.59258262890683 19.800000000000004 300.0 7
7100 350.0 106.60254037844388 34.79999999999999 300.0 7
7100 370.71067811865476 90.71067811865476 49.800000000000004 300.0 7

7200 213.39745962155612 70.0 -57.599999999999994 299.99999999999994 7
7200 229.28932188134524 90.71067811865474 -42.599999999999994 300.0 7
7200 250.00000000000003 106.60254037844386 -27.599999999999994 299.99999999999994 7
7200 274.11809548974793 116.59258262890683 -12.599999999999989 300.0 7
7200 300.0 120.0 2.400000000000007 300.0 7
7200 325.88190451025207 116.59258262890683 17.400000000000002 300.0 7
7200 350.0 106.60254037844388 32.39999999999999 299.99999999999994 7
7200 370.71067811865476 90.71067811865476 47.400000000000006 300.0 7

7300 213.39745962155612 70.0 -60.00000000000001 300.0 7
7300 229.28932188134524 90.71067811865474 -45.0 300.0 7
7300 250.00000000000003 106.60254037844386 -29.999999999999993 300.0 7
7300 274.11809548974793 116.59258262890683 -15.000000000000005 300.0 7
7300 300.0 120.0 3.5083546492674384E-15 300.0 7
7300 325.88190451025207 116.59258262890683 14.999999999999998 300.0 7
7300 350.0 106.60254037844388 30.000000000000004 300.0 7
7300 370.71067811865476 90.71067811865476 45.0 300.0 7

7400 213.39745962155612 70.0 -62.4 300.0 7
7400 229.28932188134524 90.71067811865474 -47.400000000000006 300.0 7
7400 250.00000000000003 106.60254037844386 -32.40000000000001 300.0 7
7400 274.11809548974793 116.59258262890683 -17.4 299.99999999999994 7
7400 300.0 120.0 -2.4000000000000123 300.0 7
7400 325.88190451025207 116.59258262890683 12.599999999999996 300.0 7
7400 350.0 106.60254037844388 27.599999999999998 300.0 7
7400 370.71067811865476 90.71067811865476 42.60000000000001 300.00000000000006 7

7500 213.39745962155612 70.0 -64.80000000000001 300.0 7
7500 229.28932188134524 90.71067811865474 -49.79999999999999 300.0 7
7500 250.00000000000003 106.60254037844386 -34.79999999999999 300.0 7
7500 274.11809548974793 116.59258262890683 -19.800000000000004 300.0 7
7500 300.0 120.0 -4.799999999999992 300.0 7
7500 325.88190451025207 116.59258262890683 10.200000000000006 300.00000000000006 7
7500 350.0 106.60254037844388 25.200000000000003 300.0 7
7500 370.71067811865476 90.71067811865476 40.2 300.00000000000006 7

7600 213.39745962155612 70.0 -67.2 300.0 7
7600 229.28932188134524 90.71067811865474 -52.199999999999996 299.99999999999994 7
7600 250.00000000000003 106.60254037844386 -37.2 300.0 7
7600 274.11809548974793 116.59258262890683 -22.199999999999996 300.0 7
7600 300.0 120.0 -7.200000000000009 300.0 7
7600 325.88190451025207 116.59258262890683 7.800000000000001 300.0 7
7600 350.0 106.60254037844388 22.8 300.0 7
7600 370.71067811865476 90.71067811865476 37.79999999999999 300.00000000000006 7

7700 213.39745962155612 70.0 -69.6 300.0 7
7700 229.28932188134524 90.71067811865474 -54.60000000000001 300.00000000000006 7
7700 250.00000000000003 106.60254037844386 -39.60000000000001 300.0 7
7700 274.11809548974793 116.59258262890683 -24.599999999999994 300.0 7
7700 300.0 120.0 -9.599999999999996 300.0 7
7700 325.88190451025207 116.59258262890683 5.400000000000011 300.0 7
7700 350.0 106.60254037844388 20.400000000000006 300.0 7
7700 370.71067811865476 90.71067811865476 35.39999999999999 300.00000000000006 7

7800 213.39745962155612 70.0 -72.0 300.0 7
7800 229.28932188134524 90.71067811865474 -57.00000000000001 300.0 7
7800 250.00000000000003 106.60254037844386 -41.99999999999999 299.99999999999994 7
7800 274.11809548974793 116.59258262890683 -27.000000000000007 299.99999999999994 7
7800 300.0 120.0 -11.99999999999999 300.0 7
7800 325.88190451025207 116.59258262890683 3.000000000000008 300.0 7
7800 350.0 106.60254037844388 18.0 300.0 7
7800 370.71067811865476 90.71067811865476 33.00000000000001 300.0 7

7900 213.39745962155612 70.0 -74.4 299.99999999999994 7
7900 229.28932188134524 90.71067811865474 -59.40000000000001 300.0 7
7900 250.00000000000003 106.60254037844386 -44.4 300.0 7
7900 274.11809548974793 116.59258262890683 -29.400000000000002 300.0 7
7900 300.0 120.0 -14.400000000000004 300.0 7
7900 325.88190451025207 116.59258262890683 0.5999999999999915 300.0 7
7900 350.0 106.60254037844388 15.6 300.0 7
7900 370.71067811865476 90.71067811865476 30.59999999999999 300.0 7

8000 213.39745962155612 70.0 -76.80000000000001 300.0 7
8000 229.28932188134524 90.71067811865474 -61.8 300.0 7
8000 250.00000000000003 106.60254037844386 -46.79999999999999 299.99999999999994 7
8000 274.11809548974793 116.59258262890683 -31.799999999999997 300.0 7
8000 300.0 120.0 -16.799999999999986 299.99999999999994 7
8000 325.88190451025207 116.59258262890683 -1.799999999999999 300.00000000000006 7
8000 350.0 106.60254037844388 13.200000000000006 300.0 7
8000 370.71067811865476 90.71067811865476 28.200000000000003 300.0 7

8100 213.39745962155612 70.0 -79.20000000000002 300.0 7
8100 229.28932188134524 90.71067811865474 -64.2 299.99999999999994 7
8100 250.00000000000003 106.60254037844386 -49.199999999999996 299.99999999999994 7
8100 274.11809548974793 116.59258262890683 -34.2 300.0 7
8100 300.0 120.0 -19.2 299.99999999999994 7
8100 325.88190451025207 116.59258262890683 -4.1999999999999895 300.0 7
8100 350.0 106.60254037844388 10.800000000000006 300.0 7
8100 370.71067811865476 90.71067811865476 25.800000000000004 300.0 7

8200 213.39745962155612 70.0 -81.60000000000001 300.0 7
8200 229.28932188134524 90.71067811865474 -66.60000000000001 300.0 7
8200 250.00000000000003 106.60254037844386 -51.599999999999994 300.0 7
8200 274.11809548974793 116.59258262890683 -36.599999999999994 299.99999999999994 7
8200 300.0 120.0 -21.6 300.0 7
8200 325.88190451025207 116.59258262890683 -6.599999999999993 300.0 7
8200 350.0 106.60254037844388 8.400000000000002 300.0 7
8200 370.71067811865476 90.71067811865476 23.399999999999995 300.0 7

8300 213.39745962155612 70.0 -84.0 300.0 7
8300 229.28932188134524 90.71067811865474 -68.99999999999999 299.99999999999994 7
8300 250.00000000000003 106.60254037844386 -54.0 300.0 7
8300 274.11809548974793 116.59258262890683 -38.99999999999999 299.99999999999994 7
8300 300.0 120.0 -24.0 300.0 7
8300 325.88190451025207 116.59258262890683 -9.000000000000009 300.0 7
8300 350.0 106.60254037844388 5.999999999999997 300.00000000000006 7
8300 370.71067811865476 90.71067811865476 20.999999999999996 300.0 7

8400 213.39745962155612 70.0 -86.4 300.0 7
8400 229.28932188134524 90.71067811865474 -71.40000000000002 300.0 7
8400 250.00000000000003 106.60254037844386 -56.39999999999999 300.0 7
8400 274.11809548974793 116.59258262890683 -41.4 300.0 7
8400 300.0 120.0 -26.400000000000006 300.00000000000006 7
8400 325.88190451025207 116.59258262890683 -11.399999999999999 300.00000000000006 7
8400 350.0 106.60254037844388 3.5999999999999965 300.0 7
8400 370.71067811865476 90.71067811865476 18.59999999999999 300.0 7

8500 213.39745962155612 70.0 -88.8 300.0 7
8500 229.28932188134524 90.71067811865474 -73.8 300.0 7
8500 250.00000000000003 106.60254037844386 -58.800000000000004 300.0 7
8500 274.11809548974793 116.59258262890683 -43.800000000000004 300.00000000000006 7
8500 300.0 120.0 -28.800000000000004 300.00000000000006 7
8500 325.88190451025207 116.59258262890683 -13.79999999999999 300.0 7
8500 350.0 106.60254037844388 1.2000000000000053 300.0 7
8500 370.71067811865476 90.71067811865476 16.200000000000014 300.0 7

8600 213.39745962155612 70.0 -91.2 300.0 7
8600 229.28932188134524 90.71067811865474 -76.2 300.0 7
8600 250.00000000000003 106.60254037844386 -61.20000000000001 300.0 7
8600 274.11809548974793 116.59258262890683 -46.19999999999998 299.99999999999994 7
8600 300.0 120.0 -31.2 299.99999999999994 7
8600 325.88190451025207 116.59258262890683 -16.199999999999996 299.99999999999994 7
8600 350.0 106.60254037844388 -1.1999999999999982 300.0 7
8600 370.71067811865476 90.71067811865476 13.8 300.0 7

8700 213.39745962155612 70.0 -93.60000000000001 300.0 7
8700 229.28932188134524 90.71067811865474 -78.6 300.0 7
8700 250.00000000000003 106.60254037844386 -63.599999999999994 299.99999999999994 7
8700 274.11809548974793 116.59258262890683 -48.6 300.0 7
8700 300.0 120.0 -33.599999999999994 300.0 7
8700 325.88190451025207 116.59258262890683 -18.599999999999984 300.0 7
8700 350.0 106.60254037844388 -3.600000000000002 300.0 7
8700 370.71067811865476 90.71067811865476 11.400000000000006 300.00000000000006 7

8800 213.39745962155612 70.0 -96.0 300.0 7
8800 229.28932188134524 90.71067811865474 -81.0 299.99999999999994 7
8800 250.00000000000003 106.60254037844386 -66.0 300.0 7
8800 274.11809548974793 116.59258262890683 -51.0 300.0 7
8800 300.0 120.0 -36.0 300.0 7
8800 325.88190451025207 116.59258262890683 -21.0 300.0 7
8800 350.0 106.60254037844388 -5.999999999999992 300.0 7
8800 370.71067811865476 90.71067811865476 9.000000000000005 300.0 7

8900 213.39745962155612 70.0 -93.60000000000001 300.0 7
8900 229.28932188134524 90.71067811865474 -78.6 300.0 7
8900 250.00000000000003 106.60254037844386 -63.599999999999994 299.99999999999994 7
8900 274.11809548974793 116.59258262890683 -48.6 300.0 7
8900 300.0 120.0 -33.599999999999994 300.0 7
8900 325.88190451025207 116.59258262890683 -18.599999999999984 300.0 7
8900 350.0 106.60254037844388 -3.600000000000002 300.0 7
8900 370.71067811865476 90.71067811865476 11.400000000000006 300.00000000000006 7

9000 213.39745962155612 70.0 -91.2 300.0 7
9000 229.28932188134524 90.71067811865474 -76.2 300.0 7
9000 250.00000000000003 106.60254037844386 -61.20000000000001 300.0 7
9000 274.11809548974793 116.59258262890683 -46.19999999999998 299.99999999999994 7
9000 300.0 120.0 -31.2 299.99999999999994 7
9000 325.88190451025207 116.59258262890683 -16.199999999999996 299.99999999999994 7
9000 350.0 106.60254037844388 -1.1999999999999982 300.0 7
9000 370.71067811865476 90.71067811865476 13.8 300.0 7

9100 213.39745962155612 70.0 -88.8 300.0 7
9100 229.28932188134524 90.71067811865474 -73.8 300.0 7
9100 250.00000000000003 106.60254037844386 -58.800000000000004 300.0 7
9100 274.11809548974793 116.59258262890683 -43.800000000000004 300.00000000000006 7
9100 300.0 120.0 -28.800000000000004 300.00000000000006 7
9100 325.88190451025207 116.59258262890683 -13.79999999999999 300.0 7
9100 350.0 106.60254037844388 1.2000000000000053 300.0 7
9100 370.71067811865476 90.71067811865476 16.200000000000014 300.0 7

9200 213.39745962155612 70.0 -86.4 300.0 7
9200 229.28932188134524 90.71067811865474 -71.40000000000002 300.0 7
9200 250.00000000000003 106.60254037844386 -56.39999999999999 300.0 7
9200 274.11809548974793 116.59258262890683 -41.4 300.0 7
9200 300.0 120.0 -26.400000000000006 300.00000000000006 7
9200 325.88190451025207 116.59258262890683 -11.399999999999999 300.00000000000006 7
9200 350.0 106.60254037844388 3.5999999999999965 300.0 7
9200 370.71067811865476 90.71067811865476 18.59999999999999 300.0 7

9300 213.39745962155612 70.0 -84.0 300.0 7
9300 229.28932188134524 90.71067811865474 -68.99999999999999 299.99999999999994 7
9300 250.00000000000003 106.60254037844386 -54.0 300.0 7
9300 274.11809548974793 116.59258262890683 -38.99999999999999 299.99999999999994 7
9300 300.0 120.0 -24.0 300.0 7
9300 325.88190451025207 116.59258262890683 -9.000000000000009 300.0 7
9300 350.0 106.60254037844388 5.999999999999997 300.00000000000006 7
9300 370.71067811865476 90.71067811865476 20.999999999999996 300.0 7

9400 213.39745962155612 70.0 -81.60000000000001 300.0 7
9400 229.28932188134524 90.71067811865474 -66.60000000000001 300.0 7
9400 250.00000000000003 106.60254037844386 -51.599999999999994 300.0 7
9400 274.11809548974793 116.59258262890683 -36.599999999999994 299.99999999999994 7
9400 300.0 120.0 -21.6 300.0 7
9400 325.88190451025207 116.59258262890683 -6.599999999999993 300.0 7
9400 350.0 106.60254037844388 8.400000000000002 300.0 7
9400 370.71067811865476 90.71067811865476 23.399999999999995 300.0 7

9500 213.39745962155612 70.0 -79.20000000000002 300.0 7
9500 229.28932188134524 90.71067811865474 -64.2 299.99999999999994 7
9500 250.00000000000003 106.60254037844386 -49.199999999999996 299.99999999999994 7
9500 274.11809548974793 116.59258262890683 -34.2 300.0 7
9500 300.0 120.0 -19.2 299.99999999999994 7
9500 325.88190451025207 116.59258262890683 -4.1999999999999895 300.0 7
9500 350.0 106.60254037844388 10.800000000000006 300.0 7
9500 370.71067811865476 90.71067811865476 25.800000000000004 300.0 7

9600 213.39745962155612 70.0 -76.80000000000001 300.0 7
9600 229.28932188134524 90.71067811865474 -61.8 300.0 7
9600 250.00000000000003 106.60254037844386 -46.79999999999999 299.99999999999994 7
9600 274.11809548974793 116.59258262890683 -31.799999999999997 300.0 7
9600 300.0 120.0 -16.799999999999986 299.99999999999994 7
9600 325.88190451025207 116.59258262890683 -1.799999999999999 300.00000000000006 7
9600 350.0 106.60254037844388 13.200000000000006 300.0 7
9600 370.71067811865476 90.71067811865476 28.200000000000003 300.0 7

9700 213.39745962155612 70.0 -74.4 299.99999999999994 7
9700 229.28932188134524 90.71067811865474 -59.40000000000001 300.0 7
9700 250.00000000000003 106.60254037844386 -44.4 300.0 7
9700 274.11809548974793 116.59258262890683 -29.400000000000002 300.0 7
9700 300.0 120.0 -14.400000000000004 300.0 7
9700 325.88190451025207 116.59258262890683 0.5999999999999915 300.0 7
9700 350.0 106.60254037844388 15.6 300.0 7
9700 370.71067811865476 90.71067811865476 30.59999999999999 300.0 7

9800 213.39745962155612 70.0 -72.0 300.0 7
9800 229.28932188134524 90.71067811865474 -57.00000000000001 300.0 7
9800 250.00000000000003 106.60254037844386 -41.99999999999999 299.99999999999994 7
9800 274.11809548974793 116.59258262890683 -27.000000000000007 299.99999999999994 7
9800 300.0 120.0 -11.99999999999999 300.0 7
9800 325.88190451025207 116.59258262890683 3.000000000000008 300.0 7
9800 350.0 106.60254037844388 18.0 300.0 7
9800 370.71067811865476 90.71067811865476 33.00000000000001 300.0 7

9900 213.39745962155612 70.0 -69.6 300.0 7
9900 229.28932188134524 90.71067811865474 -54.60000000000001 300.00000000000006 7
9900 250.00000000000003 106.60254037844386 -39.60000000000001 300.0 7
9900 274.11809548974793 116.59258262890683 -24.599999999999994 300.0 7
9900 300.0 120.0 -9.599999999999996 300.0 7
9900 325.88190451025207 116.59258262890683 5.400000000000011 300.0 7
9900 350.0 106.60254037844388 20.400000000000006 300.0 7
9900 370.71067811865476 90.71067811865476 35.39999999999999 300.00000000000006 7

10000 213.39745962155612 70.0 -67.2 300.0 7
10000 229.28932188134524 90.71067811865474 -52.199999999999996 299.99999999999994 7
10000 250.00000000000003 106.60254037844386 -37.2 300.0 7
10000 274.11809548974793 116.59258262890683 -22.199999999999996 300.0 7
10000 300.0 120.0 -7.200000000000009 300.0 7
10000 325.88190451025207 116.59258262890683 7.800000000000001 300.0 7
10000 350.0 106.60254037844388 22.8 300.0 7
10000 370.71067811865476 90.71067811865476 37.79999999999999 300.00000000000006 7

10100 213.39745962155612 70.0 -64.80000000000001 300.0 7
10100 229.28932188134524 90.71067811865474 -49.79999999999999 300.0 7
10100 250.00000000000003 106.60254037844386 -34.79999999999999 300.0 7
10100 274.11809548974793 116.59258262890683 -19.800000000000004 300.0 7
10100 300.0 120.0 -4.799999999999992 300.0 7
10100 325.88190451025207 116.59258262890683 10.200000000000006 300.00000000000006 7
10100 350.0 106.60254037844388 25.200000000000003 300.0 7
10100 370.71067811865476 90.71067811865476 40.2 300.00000000000006 7

10200 213.39745962155612 70.0 -62.4 300.0 7
10200 229.28932188134524 90.71067811865474 -47.400000000000006 300.0 7
10200 250.00000000000003 106.60254037844386 -32.40000000000001 300.0 7
10200 274.11809548974793 116.59258262890683 -17.4 299.99999999999994 7
10200 300.0 120.0 -2.4000000000000123 300.0 7
10200 325.88190451025207 116.59258262890683 12.599999999999996 300.0 7
10200 350.0 106.60254037844388 27.599999999999998 300.0 7
10200 370.71067811865476 90.71067811865476 42.60000000000001 300.00000000000006 7

10300 213.39745962155612 70.0 -60.00000000000001 300.0 7
10300 229.28932188134524 90.71067811865474 -45.0 300.0 7
10300 250.00000000000003 106.60254037844386 -29.999999999999993 300.0 7
10300 274.11809548974793 116.59258262890683 -15.000000000000005 300.0 7
10300 300.0 120.0 3.5083546492674384E-15 300.0 7
10300 325.88190451025207 116.59258262890683 14.999999999999998 300.0 7
10300 350.0 106.60254037844388 30.000000000000004 300.0 7
10300 370.71067811865476 90.71067811865476 45.0 300.0 7

10400 213.39745962155612 70.0 -57.599999999999994 299.99999999999994 7
10400 229.28932188134524 90.71067811865474 -42.599999999999994 300.0 7
10400 250.00000000000003 106.60254037844386 -27.599999999999994 299.99999999999994 7
10400 274.11809548974793 116.59258262890683 -12.599999999999989 300.0 7
10400 300.0 120.0 2.400000000000007 300.0 7
10400 325.88190451025207 116.59258262890683 17.400000000000002 300.0 7
10400 350.0 106.60254037844388 32.39999999999999 299.99999999999994 7
10400 370.71067811865476 90.71067811865476 47.400000000000006 300.0 7

10500 213.39745962155612 70.0 -55.2 300.0 7
10500 229.28932188134524 90.71067811865474 -40.2 299.99999999999994 7
10500 250.00000000000003 106.60254037844386 -25.200000000000003 300.0 7
10500 274.11809548974793 116.59258262890683 -10.200000000000001 299.99999999999994 7
10500 300.0 120.0 4.8000000000000105 300.0 7
10500 325.88190451025207 116.59258262890683 19.800000000000004 300.0 7
10500 350.0 106.60254037844388 34.79999999999999 300.0 7
10500 370.71067811865476 90.71067811865476 49.800000000000004 300.0 7

10600 213.39745962155612 70.0 -52.80000000000001 300.00000000000006 7
10600 229.28932188134524 90.71067811865474 -37.79999999999999 300.0 7
10600 250.00000000000003 106.60254037844386 -22.8 300.0 7
10600 274.11809548974793 116.59258262890683 -7.799999999999995 300.0 7
10600 300.0 120.0 7.2000000000000135 300.0 7
10600 325.88190451025207 116.59258262890683 22.200000000000006 300.00000000000006 7
10600 350.0 106.60254037844388 37.2 300.00000000000006 7
10600 370.71067811865476 90.71067811865476 52.19999999999999 300.00000000000006 7

10700 213.39745962155612 70.0 -50.400000000000006 299.99999999999994 7
10700 229.28932188134524 90.71067811865474 -35.39999999999999 299.99999999999994 7
10700 250.00000000000003 106.60254037844386 -20.400000000000013 300.0 7
10700 274.11809548974793 116.59258262890683 -5.400000000000003 300.0 7
10700 300.0 120.0 9.599999999999989 300.0 7
10700 325.88190451025207 116.59258262890683 24.599999999999994 300.00000000000006 7
10700 350.0 106.60254037844388 39.60000000000001 300.0 7
10700 370.71067811865476 90.71067811865476 54.60000000000001 300.0 7

10800 213.39745962155612 70.0 -48.0 300.00000000000006 7
10800 229.28932188134524 90.71067811865474 -33.0 300.0 7
10800 250.00000000000003 106.60254037844386 -18.0 300.0 7
10800 274.11809548974793 116.59258262890683 -3.0000000000000013 300.0 7
10800 300.0 120.0 11.999999999999995 300.0 7
10800 325.88190451025207 116.59258262890683 27.000000000000007 300.0 7
10800 350.0 106.60254037844388 41.99999999999999 300.00000000000006 7
10800 370.71067811865476 90.71067811865476 57.0 300.00000000000006 7

10900 213.39745962155612 70.0 -45.599999999999994 299.99999999999994 7
10900 229.28932188134524 90.71067811865474 -30.599999999999973 299.9999999999999 7
10900 250.00000000000003 106.60254037844386 -15.599999999999993 300.0 7
10900 274.11809548974793 116.59258262890683 -0.5999999999999847 300.0 7
10900 300.0 120.0 14.400000000000007 300.0 7
10900 325.88190451025207 116.59258262890683 29.400000000000002 300.0 7
10900 350.0 106.60254037844388 44.4 300.0 7
10900 370.71067811865476 90.71067811865476 59.40000000000001 299.99999999999994 7

11000 213.39745962155612 70.0 -43.2 300.0 7
11000 229.28932188134524 90.71067811865474 -28.200000000000003 300.0 7
11000 250.00000000000003 106.60254037844386 -13.200000000000003 300.0 7
11000 274.11809548974793 116.59258262890683 1.8000000000000056 300.00000000000006 7
11000 300.0 120.0 16.799999999999997 300.00000000000006 7
11000 325.88190451025207 116.59258262890683 31.799999999999997 300.0 7
11000 350.0 106.60254037844388 46.79999999999999 300.00000000000006 7
11000 370.71067811865476 90.71067811865476 61.8 300.0 7

11100 213.39745962155612 70.0 -40.800000000000004 300.0 7
11100 229.28932188134524 90.71067811865474 -25.799999999999997 300.0 7
11100 250.00000000000003 106.60254037844386 -10.799999999999988 300.0 7
11100 274.11809548974793 116.59258262890683 4.20000000000001 300.0 7
11100 300.0 120.0 19.200000000000003 300.00000000000006 7
11100 325.88190451025207 116.59258262890683 34.2 299.99999999999994 7
11100 350.0 106.60254037844388 49.19999999999999 300.0 7
11100 370.71067811865476 90.71067811865476 64.19999999999997 300.00000000000006 7

11200 213.39745962155612 70.0 -38.400000000000006 299.99999999999994 7
11200 229.28932188134524 90.71067811865474 -23.39999999999999 300.0 7
11200 250.00000000000003 106.60254037844386 -8.40000000000001 300.00000000000006 7
11200 274.11809548974793 116.59258262890683 6.6 300.0 7
11200 300.0 120.0 21.60000000000001 300.0 7
11200 325.88190451025207 116.59258262890683 36.59999999999999 300.00000000000006 7
11200 350.0 106.60254037844388 51.599999999999994 300.0 7
11200 370.71067811865476 90.71067811865476 66.60000000000001 300.0 7

11300 213.39745962155612 70.0 -36.0 300.0 7
11300 229.28932188134524 90.71067811865474 -21.0 300.0 7
11300 250.00000000000003 106.60254037844386 -5.999999999999992 300.0 7
11300 274.11809548974793 116.59258262890683 9.000000000000005 300.0 7
11300 300.0 120.0 24.000000000000004 300.00000000000006 7
11300 325.88190451025207 116.59258262890683 39.0 300.00000000000006 7
11300 350.0 106.60254037844388 54.0 300.0 7
11300 370.71067811865476 90.71067811865476 68.99999999999999 300.00000000000006 7

11400 213.39745962155612 70.0 -33.599999999999994 300.0 7
11400 229.28932188134524 90.71067811865474 -18.599999999999984 300.0 7
11400 250.00000000000003 106.60254037844386 -3.600000000000002 300.0 7
11400 274.11809548974793 116.59258262890683 11.400000000000006 300.00000000000006 7
11400 300.0 120.0 26.40000000000001 300.0 7
11400 325.88190451025207 116.59258262890683 41.4 300.0 7
11400 350.0 106.60254037844388 56.39999999999999 300.0 7
11400 370.71067811865476 90.71067811865476 71.40000000000002 300.0 7

11500 213.39745962155612 70.0 -31.2 299.99999999999994 7
11500 229.28932188134524 90.71067811865474 -16.199999999999996 299.99999999999994 7
11500 250.00000000000003 106.60254037844386 -1.1999999999999982 300.0 7
11500 274.11809548974793 116.59258262890683 13.8 300.0 7
11500 300.0 120.0 28.799999999999997 300.0 7
11500 325.88190451025207 116.59258262890683 43.800000000000004 299.9999999999999 7
11500 350.0 106.60254037844388 58.800000000000004 300.0 7
11500 370.71067811865476 90.71067811865476 73.80000000000003 300.0 7

11600 213.39745962155612 70.0 -28.800000000000004 300.00000000000006 7
11600 229.28932188134524 90.71067811865474 -13.79999999999999 300.0 7
11600 250.00000000000003 106.60254037844386 1.2000000000000053 300.0 7
11600 274.11809548974793 116.59258262890683 16.200000000000014 300.0 7
11600 300.0 120.0 31.200000000000003 300.0 7
11600 325.88190451025207 116.59258262890683 46.19999999999999 300.0000000000001 7
11600 350.0 106.60254037844388 61.19999999999998 300.00000000000006 7
11600 370.71067811865476 90.71067811865476 76.2 300.0 7

11700 213.39745962155612 70.0 -26.400000000000006 300.00000000000006 7
11700 229.28932188134524 90.71067811865474 -11.399999999999999 300.00000000000006 7
11700 250.00000000000003 106.60254037844386 3.5999999999999965 300.0 7
11700 274.11809548974793 116.59258262890683 18.59999999999999 300.0 7
11700 300.0 120.0 33.599999999999994 300.0 7
11700 325.88190451025207 116.59258262890683 48.6 300.0 7
11700 350.0 106.60254037844388 63.59999999999999 300.00000000000006 7
11700 370.71067811865476 90.71067811865476 78.6 300.00000000000006 7

